% A=[0 0 -300 0 0 350 0 0 0; 
%     0 0 0 300 0 0 0 200 0; 
%     -300 0 0 0 0 0 0 0 200; 
%     1 0 0 1 0 0 0 0 0; 
%     0 1 0 0 0 0 0 1 0; 
%     0 0 0 0 0 1 0 0 1];
% b=[5000;5000;0;0;0;0];
% 
% x=A\b

A=[0 -300 350;
    300 0 200;
    300 200 0];
b=[5000;5000;0];

x=A\b