A=[1283 888;
    -641 444];
b=[-1800*120*9.81; 0];

A\b