A=[ 1 2 1;
    2 3 1;
    1 2 3];
b=[39;34;26];

x=A\b

    