A=[-12 2 0 9; 2 -10 5 0; 0 5 -22 7; 9 0 7 -24];
b=[-100; 0; 0; 200];

x=A\b;

x