A=[57.7088700000000 11.9745600000000;57.7088700000000 11.9745600000000;57.7088700000000 11.9745600000000;57.7088700000000 11.9745600000000;58.0678388000000 11.8294346000000;58.3498003000000 11.9356490000000;58.2834894000000 12.2858206000000;58.2834894000000 12.2858206000000;58.2834894000000 12.2858206000000;57.7210350000000 12.9398190000000;57.7210350000000 12.9398190000000;58.5035047000000 13.1570768000000;58.3860000000000 13.4393000000000];