%Gbg    Sten    Udde    Troll   Borås   Lid     Skara   Skövde
A=[0 5 0 8 6 0 11 0;   %Göteborg
5 0 4 0 0 0 0 0;    %Stenungsund
0 4 0 3 0 0 0 0;    %Uddevalla
8 0 3 0 9 8 8 0;    %Trollhättan
6 0 0 9 0 0 9 9;    %Borås
0 0 0 8 0 0 3 0;    %Lidköping
11 0 0 8 9 3 0 3;   %Skara
0 0 0 0 9 0 3 0];   %Skövde